1000
29515
143844
519
935
1276
1448
405
2165
2681
445
1667
910
3078
151
1348
300
690
2078
7092
546
1219
1376
949
3450
12
1922
5530
4484
788
2568
307
834
1372
1287
1863
560
916
4176
493
1008
993
1410
1965
1925
509
4269
623
2895
540
332
857
487
1141
1438
389
50
8319
327
853
1092
3735
1395
376
1281
184
1166
1071
1322
2658
897
1103
412
3589
236
6197
969
7133
7874
42746
1314
1053
1223
970
31
3426
424
1493
1846
87
942
2373
222
999
415
581
239
13703
54
81
131
401
724
965
1526
14631
874
1658
178
616
1230
1305
1325
1035
1077
934
956
16333
1079
594
696
583
1926
983
425
4307
158
25563
360
84
4609
810
116
865
2346
4233
474
997
1333
924
4773
974
872
3305
27941
3392
1874
1086
3588
27205
687
982
38
665
992
1662
347
1160
1155
4517
957
694
790
1019
1252
2146
333
1062
1807
155
764
4414
1272
1549
1792
233
604
365
802
1600
745
1684
786
915
804
1193
573
588
789
4063
384
854
3408
617
1133
1261
17
221
4356
973
4649
202
1867
830
1841
46
2095
7343
92
2654
2027
2264
3846
4955
630
2880
1074
3440
2924
1988
2814
109
2283
3089
181
2871
1031
169
1016
434
901
462
7263
1192
589
421
791
898
1293
1343
920
5833
1989
831
1116
8
2878
53
885
1199
61432
9854
1247
292
9939
538
399
620
1335
1152
6248
359
645
933
1
948
2311
16983
65
1406
154
988
918
386
2330
570
1444
1254
13085
2332
770
1370
1264
1672
1129
1015
4073
927
316
454
52
1891
504
1318
940
2580
144
284
310
48
524
106
1449
1803
10646
1754
779
1131
731
1884
243
2231
852
170
936
1014
957
832
1638
4277
607
25
1502
129
733
1679
1806
947
1073
117
4609
5810
96
484
814
907
1004
102
6442
128
824
1101
483
3830
3144
244
11315
1226
544
469
5209
3551
1639
375
1265
1204
162
507
1068
289
666
201
625
24773
1271
305
1643
265
241
8956
1115
3432
1301
864
406
726
2128
2262
1017
1757
2653
2
1145
318
3231
1065
787
1061
1778
867
2091
837
2392
185
1076
1163
711
2054
429
609
977
1929
15866
1763
2007
2467
440
1266
3876
602
930
2449
5342
2805
210
437
591
10803
3972
273
3308
355
56
1881
500
1038
1000
22937
535
2098
369
1411
468
526
2179
351
13056
543
377
1309
203
3414
218
669
3456
1816
2641
769
908
706
1717
107
3544
1871
2450
153
1892
1535
55
4401
2562
2713
309
2245
5646
1191
704
17243
1234
1242
299
818
585
8832
224
619
3783
15995
2028
427
328
311
875
526
795
808
4234
1290
3615
2385
981
674
1231
27
1150
4688
1303
2649
41
793
448
633
1353
280
827
1028
3912
9788
93937
1246
1018
1098
93664
5674
3334
1259
4342
1818
1788
23557
1575
1554
97
5775
4549
349
1136
475
574
1221
926
841
172
2441
460
640
6283
2052
387
72
1158
1905
1873
271
1601
1632
1424
6448
1300
608
1352
121
491
701
393
2129
3251
2978
828
986
575
4219
1701
247
3537
577
6354
2940
3568
1225
1200
4648
1209
230
2139
291
2323
851
3721
954
1506
161
561
1630
2067
1613
3319
1629
2074
539
35
43
4122
3504
696
858
492
4028
970
842
979
344
958
817
8626
5370
6314
2137
238
208
3367
1001
479
414
5658
1181
3974
8984
98
2322
498
446690
1570
514
3614
150
3273
3014
2250
773
25790
1142
1358
476
1080
784
1050
621
2345
3794
652
515
1154
7587
2728
2906
178374
3399
442
214
1962
2015
12137
248
2436
1141
2456
629
2558
5922
33
624
189
249
3331
127
1164
807
5401
1275
9
1316
13825
1368
12348
366
3403
9439
67524
6697
1091
1373
7324
4421
3705
3598
325
907
666
287
5254
2478
616
3874
373
1089
4025
1382
1605
4826
253
64
862
968
881
1112
1118
1959
13545
23419
160
4096
341
3470
148
1067
1523
1165
863
877
627
612
85
1623
932
186
18156
1720
433
1296
113
4945
963
4373
719
41740
1147
1937
984
199
744
1870
2075
703
1258
1102
286
2414
820
10448
1069
12270
976
1480
5997
7915
631
9714
5500
642
7
2163
3906
762
4136
29
3915
4245
816
4472
187
179
3390
895
3739
494
368
3454
2013
14675
2746
6091
8661
2703
1655
5554
1770
125
952
2298
1047
2828
124
298
171
1735
5613
1214
1135
4
1514
757
1336
1524
122
1567
959
756
2560
480
987
536
829
1610
4095
1029
1114
77
1063
548
1747
237
1495
6324
1222
12029
1902
4911
579
2083
356
3235
233
1458
2881
379
51
2423
267
891
1441
508
1007
3366
272
2044
14226
1237
637
2698
3099
385
764
848
780
400
254
657
235
372
1534
8063
2850
1771
36
1339
14878
24440
5415
41357
15061
375
819
263
2039
2331
763
2068
2070
14499
2716
1011
1564
5399
23
1026
529
1040
1798
27910
486
21
1284
990
1217
2071
1576
415
2890
1664
7540
755
3518
363
2202
878
512
78
1439
1645
16
234
6686
430
240
390
465
753
426
951
1459
8084
83
15116
20040
1626
1718
801
6558
24898
1688
10097220
1250
538
9156
32095
197
2916
8206
1489
1108
350
861
662
528
2169
743
115
745
27258
5332
75
6090
2289
5816
3969
3376
370
5178
1548
143
707
5880
903
2159
52235
3313
45
722
850
569
29070
27128
4704
1392
60
207
980
759
647
1268
6035
1913
90
1360
4004
260
1049
748
1500
7344
1560
1428
1125
337
1580
323
1809
1010
386
439