2288
3482
264
246
1646
324
545
616
1276
1640
1257
637
559
679
620
903
624
1518
328
3360
1110
3123
1877
1155
995
4
160
1126
982
236
419
3460
170
894
504
937
1360
2135
762
586
1378
5037
120
523
458
1020
1476
599
1447
115
401
4930
2707
255
28413
3692
629
992
1562
914
566
240
638
220
716
780
1790
6206
422
404
1072
1732
851
418
738
741
1040
2305
3125
823
3444
864
2472
592
5305
2275
530
571
250
262
2526
1449
344
58
154
1069
1173
1042
75044
425
715
112
1095
5853
296
54
2901
66
2362
83459
2678
6845
27
412
227
161
2207
806
113
393
5609
462
75
734
1009
541
392
144
891
155
2335
1205
1595
1531
319
2420
984
3160
1169
1425
2161
686
103
550
2798
9799
60
3207
1010
619
1965
151
887
782
632
1630
991
67
842
610
2488
312
2502
2404
539
29472
820
360
166
1616
18290
2018
728
817
2213
10153
527
82
1290
813
1158
1141
304
305
1619
694
510
29
149
339
1460
2750
528
284
9394
4480
1088
1091
301
1327
3569
860
142
1771
1056
1032
1203
6992
845
335
1289
260
684
11
5716
254
1506
318
1060
1224
143
3
2191
417
1308
1502
57
52874
374
461
345
698
1093
7
2529
868
4851
514
1041
707
1081
6893
1744
581
359
383
720
303
2603
6119
1478
2016
5068
828
925
209
1313
846
129
10068
1317
12215
279
779
8
1564
615
985
743
3141
4284
3398
687
924
811
1278
294
1340
689
2892
100
875
6924
3341
121
1282
2009
226
789
739
443
114
574
711
251
2564
468
7935
491
385
1119
859
2671
71
1249
1271
2302
1650
704
756
3226
824
501
137
111
8788
1212
797
1186
56307
12264
542
474
1300
536
1078
200
2409
1293
1306
1016
1034
2258
376
2069
1657
519
372
665
920
916
2042
736
11269
793
3609
4662
7540
1373
1149
413
239
5848
1808
311
2527
1600
639
1497
1265
17118
47395
39
1299
1783
871
678
7090
1335
73587
657
556
777
16614
901
2174
1191
40579
68
47
22
217
1777
1270
1603
617
563
436
643
1353
498
5731
515
1928
3671
3231
1298
420
600
2906
207
623
3196
3265
216
20
598
732
947
912
426
17992
2188
2811
444
181
561
833
18846
551
1269
361
429
198
147
193
7102
72
1259
3992
4287
12942
1311
2318
1139
63
1004
1370
228
17331
676
880
268
364
1369
62
981
1974
572
1000
1092
1244
965
2229
4607
441
1089
230
3496
672
1294
11229
382
45365
3753
320
1296
2
751
12003
6130
452
2180
9777
157
430
1131
2573
888
7703
1558
5336
546
261
1130
1053
9649
198770
2133
3351
779
487
1012
867
682
2840
2440
340
136
972
5214
1588
171
3048
718
440
161
128
2356
4252
1314
15498
1065
41608
693
898
786
2284
180
890
1189
1174
177
1409
2538
85
1197
787
2786
1209
1663
1601
287
7838
371
6330
951
1637
2921
461
796
1459
583
2784
248
866
4372
2903
4505
1148
1251
91
2248
77
2999
800
703
3257
1175
2001
309
1213
10665
3660
2006
941
4015
243
3085
102
1604
844
721
1127
24194
584
1385
2261
1013
1015
10408
1612
2332
2279
235
357
788
785
46455
960
1118
1817
229
865
1622
167
5625
1356
7843
1123
946
652
748
1268
175
1851
1526
1405
464
818
380
784
5746
1969
35209
83
2659
1391
231
45
1903
283
532
907
9984
2217
10136
5050
1571
232
885
1011
1658
1172
275
660
1022
9558
744
3838
158210
1482
28
1952
8409
51062
691
350
822
76
609
29306
7331
349
336
146
3942
6712
1823
8012
3279
2014
1636
414
2168
6324
267
330
189
1930
697
99
44
203
412
1608
333
1061
59
66830
518
13196
568
2464
210
1068
2617
1714
1553
164
504
1752
2574
137
173
1333
821
89
94
1466
2869
591
359
869
1026
4185
363
327
621
5057
1415
1035
579
14275
1796
1734
7360
1167
931
46
3800
313
547
840
508
266
3065
17
1346
1133
56228
407
537
415
1258
754
9691
2863
95
850
396
98
661
49
636
1915
594
1513
472
1079
2380
9138
486
3701
963
9355
8616
1718
1074
1107
1140
500
2580
996
628
1696
826
2484
708
353
2223
5685
1785
877
595
306
2638
945
18233
1253
149777
622
1635
601
956
1489
244
5650
3249
1706
2298
578
5651
1806
88
4904
388
1614
1303
73
165
1211
369
1898
5015
5649
277
1721
11665
4614
980
934
655
1834
352
8164
242
695
101934
690
8026
16056
1009
9982
489
3010
490
8489
218
834
1586
81
408
325
1046
10
439
387
247
1033
157520
480
1313
316
839
942
1326
1618
856
548
403
272
7338
1008
5630
5107
927
1770
612
801
724
130
2363
706
148
604
2728
17655
2021
65
1434
11778
952
2497
730
2618
4610
2445
6833
2129
1112
11848
2033
2183
3079
603
2842
35
118
1168
176
4142
1027
375
27546
2869
127
158
1935
2979
5627
1274
928
3472
1941
7423
202
588
530
48
8375
3361
1049
804
334
593
557
34584
964
1031
863
263
1660
1828
182651
837
3038
1520
196
15490
668
373
3641
2260
1831
2881
810
2974
2256
257
746
55
1574
1002
646
1875
975
2219
1602
2470
1524
1837
220
6106
2303
2289
5415
509
1129
3643
1108
339
9416
844
3894
922
693
1100
15
994
2767
954
2369
2673
3932
1070
479
681
2368
3132
802
4502
1733
3696
1691
1137
1236
2094
1059
141
1448
2377
87829
139
522
281
719
2264
649
7084
2292
282
1206
1598
5450
109
447
2003
1041
740
295
953
1057
926
2426
3529
795
670
478
1382
709
767
7130
570
783
4515
57324
512
122
8114
2616
20680
700
431
195
41
1393
1229
545
294508
1547
1163
1317
1098
4210
2501
2056
1723
1726
923
1513
3315
702
469
4032
10664
411
769
4633
1455
15523
2050
2395
18205
905
1160
78
911
1599
847
297
525
2306
252
1043
14906
3607
781
370
520
10341
553
7576
2749
157821
543
38
811
2778
933
1755
1463
3430
1619
2438
544
1613
699
4094
2427
4591
3738
1516
1772
112
8212
1017
49712
1320
1371
4406
144
2375
1473
397
843
64
7340
1005
1202
6137
1945
1638
347
2773
1987
1021
6727
1572
3080
2312
1125
1267
156
1986
1418
3303
3100
6175
1568
1437
191
944
683
1007
1345
51269
49
280
4533
713
1116
3192
466
3396
1494
816
2595
5197
1208
8266
1887
1484
106
432
3669
2159
59
1700
1230
39188
1416
716
5790
1592
270
95047
2959
458
1888
413
197
1216
836
1355
1307
4816
448
722
496
1490
872
1235
1394
30454
2554
1439
6774
873
3163
1124
3811
1836
167
1023
848
1968
27888
3682
627
5
1161
2523
1014
2951
1843
21482
560
1906
1433
14528
940
896
733
1336
1082
13797
3436
1164
18785
1295
4192
1213
25
766
970
1223
205
1977
674
5378
27
217
1232
14
14425
11241
1797
2200
1659
2460
572
2547
3255
222
402
1099
1204
986
4485
774
919
300
3974
726
673
701
2661
1305
1991
36093
357
2191
3789
569
523
829
79
1601
1050
476
145
7778
20095
1713
2514
377
5187
1784
1472
234
1181
3997
1763
626
3673
6033
2328
698
495
101
4398
723
184
483
2092
1868
56
874
4776
2462
606
1017977
1893
10888
644
129
28094
278
2719
1063
1842
923
24
2389
152
598
3289
3055
772
154
586
6556
1435
450
1573
5977
1686
43
118
1182
225
169
2984
16
12579
728
1032
633
13285
548
17825
241
786
49691
731
3686
1401
1263
1076
150
605
36
2750
1064
5186
70
115
4203
2899
1545
667
1883
506
1617
712
1001
775
433
1054
1864
564
516
1150
1387
2319
861
1511
1279
421
755
1145
4267
126
1038
1097
405
18670
1318
807
69
6317
910
18609
288
906
1593
6094
1231
470
1854
3320
990
5722
379
3133
529
1183
48483
10234
159
427
957
3066
271
31
1790
372
1136
50
41195
2994
868
3953
1146
2300
307
6205
367
4864
1101
688
1179
987
1753
6696
585
468
17585
938
643
1873
13249
977
3718
463
1642
656
3244
15762
3452
1084
3364
437
482
6984
12829
915
1626
5604
3990
32028
1457
2243
1764
1652
7473
2599
932
398
450
8486
5002
689
1822
897
1673
410
332
2640
2091
5382
2970
1585
2717
2119
508
6282
1833
55699
1199
519
1504
2790
1142
1205
5745
1268
642
1359
680
1800
183
1071
1085
389
7850
1722
589
34667
946
5671
1787
2774
1516
1537
149
1442
2254
20631
20921
1343
1859
138
3885
1507
1234
19
6257
1332
1187
53
17864
6952
163
501092
1296
650
2111
496
842
695
1483
1316
9630
23347
37
590
21
7654
155
292
4898
6299
918
1720
309
2076
1107
902
773
15231
381
1019
1994
34
6273
457
2273
778
1747
142
1392
635
899
87
1508
1193
1832
15643
199
285
391
742
2235
3653
6995
13991
2212
2490
315
752
348
16675
1742
213
1335
117
1080
7729
761
1356
448
664
51323
1865
1083
4809
7656
477
966
2572
13914
110
978
3266
354
1110
453
9149
822
12740
14359
141
939
446
750
3698
21840
2532
1904
521
817
9199
2078
2872
1785
2097
8214
5635
2961
1147
331
1620
1760
2814
1092
1128
439
302
709
538
2215
5392
513
475
1609
3185
2028
613
1598
34228
5331
1383
451
602
1666
10538
1158
4468
6495
8427
1481
467
32
1748
6937
4
2237
714
1591
1207
121
15301
641
162
1541
1340
1006
203
827
4920
3153
253
1165
3054
1047
862
1404
1326
958
1580
423
1938
256
876
356
1276
428
1192
1291
900
261
13993
1637
725
835
1073
4301
1475
764
1839
1676
1655
736
1458
3802
3219
669
395
269
1112
539
4404
219
187
9
1250
4549
2338
2272
2065
1288
1920
3531
3825
4672
579
1200
5703
3729
1498
654
1111
17413
927
588
416
8084
249
1096
1062
1853
401
2559
1233
308
3194
22643
3877
290
930
312
937
4960
785
1089
77732
6413
1563
3262
338
434
2521
663
10690
1916
1058
662
1154
244
36329
1113
208
1171
151
832
2133
2415
692
2400
1324
5955
488
4555
686
33502
335
9114
881
5080
3518
9090
1225
1469
943
105
2656
254
1286
1813
1738
4139
857
42
7116
289
1493
3290
5620
1174
2050
1778
1546
259
1456
511
258
768
1115
2010
790
552
424
3372
3608
1328
8949
8684
17836
6432
803
1466
184
266
2966
935
1109
7037
882
449
484
1798
1322
2290
3475
1292439
204
903
749
1185
4179
4351
720
4426
393
10146
90
1441
1019
1077
2372
1658
967
8001
314
2327
3552
1159
101555
71049
9785
509
211
758
1157
2103
781
4727
1342
3860
4776
1152
798
1072
3342
57721
2189
132
1121
2799
1551
2680
771
2139
1223
1540
1134
1284
251
3973
666
6764
206
37786
419
179
185
238
1104
968
1786
1479
201
326
6406
2316
2304
3243
1086
805
1367
3863
2998
2210
2140
144
1425
1627
1736
814
2247
72768
1034
1671
2104
1144
510
3435
6148
1237
465
3264
1544
562
80
2036
2002
1358
1542
765
245
2765
176
63208
1951
1347
96
1899
685
10814
880
908
212
232
4628
531
262
22
3899
1160
7989
50997
1739
617
20814
1389
2360
1304
497
2106
883
993
3381
293
34359
129
1487
847
399
571
1651
1310
9562
8579
66142
1745
1492
3483
440
14161
3893
7009
1678
2301
4445
72
5307
1707
696
1820
608
3563
4373
3259
12699
50500
1575
2064
2734
2917
762
384
407
991
485
794
3049
596
414
1874
3056
1559
1033
2943
223
1221
744
406
2138
1533
29
895
2609
4766
456
4640
344
85
704
628
3982
1538
737
200
380
324
47414
1814
838
6563
1321
388
362
1003
917
777
4826
1014
5634
2623
107
576
51791
5157
140
815
25336
1749
699
10778
4280
153
7237
941
1688
1411
1266
739
131
5845
1737
233
1162
5233
566
37394
5626
1302
2545
33
3728
1275
1299
130
1624
2560
1280
2997
2456
2701
705
12136
1260
743
160
10515
2938
631
1203
1095
727
438
6098
3668
1228
2566
1242
3478
1194
1406
1641
878
375
2628
25128
2314
1178
2149
442
2497
18430
902
909
14672
10931985
6197
2826
853
1936
1
10918
2633
404
1843
1611
40
369
1902
1961
2185
4145
1597
1210
2541
9736
2582
5757
322
7542
1528
4041
4088
2606
1548
1684
1312
231
567
770
1461
1116
866
1366
2089
367
945
1827
1454
939
169953
885
5322
524
57
5999
77512
386
974
182
3803
4299
2642
2310
2000
119
1579
1247
7771
728
1648
1491
2508
5923
10448
1499
2435
833
1789
168
2022
1243
506
4084
2389
2280
3763
780
15388
2418
5211
15743
304
18231
707
361
994
3
1762
378
8842
2828
1632
327
2069
3467
1780
1484
791
3976
1163
4435
25
3142
1132
715
333
821
2481
1480
2199
9399
884
1703
169
2616
717
459
1292
409
205
471
876
14833
841
1376
1092
792
3821
1665
664869
22152
989
8817
12123
1915
812
2602
337
17581
793
1546
2772
1348
533
116
23671
6822
125
623
2894
430
1669
1403
808
2675
3201
776
1300
1288
4494
178
561
10331
61657
1963
2107
6627
357
582
1532
3730
2066
273
14882
403
246
2666
1029
1350
5559
1751
886
390
5546
7537
2179
1078
1025
5224
105313
342
677
997
1655
3407
51863
310
491
3073
2382
1473
460
960
2053
592
1061
435
950
1170
1284
953
3989
70
926
1331
2915
3020
1549
4601
736
3292
1039
1060
2067
1478
1610
19294
2231
1455
1426
1890
22315
1444
1273
107
1749
507
3358
761
2176
1329
607
710
819
3522
473
1460
208
4325
77
3620
2900
1856
19653
2142
288
274
513
84615
5795
4545
14424
4357
2264
5259
1923
3091
23450
3721
612
1181
1012
929
4478
1593
3367
4178
376
2672
73108
10103
750
1108
1106
352
1740
5421
9884
416
101
18007
2198
48294
1200
68387
1036
1251
7679
2629
1233
482
904
2574
2942
729
574
1007
1048
2204
1229
3551
287
534
1709
896
577
948
18343
10537
21849
813
3007
893
1903
918
5021
443
1156
430
1252
1246
6
662
1330
2532
5131
2032
16749
712
215
1052
12075
1543
2837
653
7166
18417
1158
2496
351
3542
10422
1159
9351
2987
44110
1436
12078
6715
830
3792
21569
19845
40413
5024
2245
1553
12631
4414
1307
6653
3791
466
1117
645
5631
743
4083
227
920
8220
2922
724
8910
2309
1066
2141
894
1728
1045
108
1794
25
1046
3906
3672
6016
7558
1363
5639
5155
346
3045
1278
2706
2568
4901
5086
676
1424
4022
44330
13341
4882
2665
1314
7
10177
1254
5510
987
14321
877
1119
1043
494
2530
6829
1991
546
4578
1863
640
132
77
2154
493
585
3250
571
665
6072
1339
5747
51
1970
1605
213
1795
38071
22875
64832
868
2403
1198
3097
1094
753
15293
1262
16857
207
799
1905
2957
1440
4363
1359
1285
1685
3112
157
8293
7167
299
1315
706
321
1182
181
2690
2769
60
2549
10518
1166
535
1465
1514
306
6792
8728
763
13
3505
2924
1848
2114
450
1885
1115
554
1030
7390
2059
15880
2070
307
2412
360
18769
76
1565
6035
1009
664
2696
1417
1503
959
195
2824
2821
849
3555
279
4134
3043
42273
2099
648
155
3068
1008
2285
2276
4416
14318
2618
2162
2040
3328
13806
3606
3218
8129
2313
1075
2716
1398
2388
26
611
407
800
74
481
818
1249
2732
7594
651
21
4938
863
1606
463
864
7914
8537
294
740
3712
2597
870
175
1631
1757
1505
772
4547
8878
575
2567
60487
845
311
1763
2564
4674
102
16703
2251
2809
1137
1766
239
10256
1519
4594
1218
2045
1752
6182
5315
2027
1485
1270
1055
23011
2563
454
7085
566
10132
1628
7369
466
1656
55698
1973
1883
890
47520
60710
1362
542
3462
1257
1113
2548
3493
211
6148
944
1594
28410
3242
464
2330
1004
580
425
1361
1122
846
897
2804
270
992
2913
4259
1423
796
7793
1442
516
735
5308
2163
5693
2323
6596
49779
6302
879
670
2450
2293
73
8337
803
688
14316
1681
3172
1255
98753
811
2627
2550
1214
9157
1985
7298
10921
7846
100
14022
1188
1090
629
263
52
3225
700
921
2537
7946
91704
513
532
5711
14723
2713
28
2787
1280
551
671
540
714
2780
1449
2429
2122
12466
2197
2084
1321
661
624
809
233
44
225
759
284
11407
581
3814
999
752
1531
1011
1236
734
1515
368
3744
8448
969
747
4052
1885
1176
2131
4844
8258
47708
4783
9244
340
4875
5767
166
1625
15439
2109
183334
591
673
515
970
23
5192
1615
972
1239
230
3839
173
549
2043
275
4120
3092
3071
2434
1716
4261
3224
5524
2284
3783
4162
646
5478
4965
63006
1374
260
10673
1041
4383
2865
1047
7973
7308
760
2020
3146
296
343
6013
905
1215
1161
3117
5221
1222
1017
5617
995
1756
1692
499
745
13793
824
3014
4994
559
145
971
3230
637
1439
103657
1462
1341
616
891
931
9430
1178
1791
1040
4522
4198
16603
154
2639
998
982
2216
1481
1039
1852
2781
1720
741
2739
2310
5246
1261
3658
7437
1879
31364
99179
47011
873
6927
684
136
827
973
1295
4175
6184
3504
7523
975
552
2660
219
961
814
68104
3820
3013
1768
1238
4016
490
3312
2836
254
7248
1578
155
2038
41
12976
1354
1318
1966
3469
1886
7420
404
4995
31322
2755
2315
203455
6188
837
2127
4401
2963
19309
2340
121415
358
553
1862
916
3834
746
418
92
3564
1847
14978
704
4026
1316
20137
7543
1313
8802
1076
635
1351
48
8173
2052
8447
981
884
1837
22154
12693
767
527
2817
1294
3001
807
4622
748
1893
1069
755
644
6262
2664
11558
1695
4691
1169
12675
2121
1240
3233
5779
2830
69898
252
3743
218
3051
5936
4336
2305
20557
1912
2211
13315
3396
2087
2171
1566
70
2736
2650
572
2719
172
43
86
264
2394
2320
1834
7072
1264
1501
329
6055
4874
5505
1907
2751
564
374
1473
5640
2396
2653
51879
8100
15
2667
1347
6627
675
630
976
88
2688
246
164
3612
674
35587
1087
2194
518
1788
8349
344
1739
1694
7723
1552
1636
968
658
5329
1320
10265
4728
1038
1952
395
1914
729
979
1468
4488
180
1809
1346
669
1251
8963
4432
32427
4049
2513
392
5924
1082
2355
4635
139
1122
924
166195
1535
1807
5351
802
2461
1050
550
779
5138
8527
1850
4409
1028
1202
854
1281
1761
11014
887
672
4294
1408
199
3919
3114
1705
2478
43121
3386
268
5578
1133
159
214
20148
450
1680
1999
1432
30844
1775
1301
1588
367
3639
638
2095
8330
3058
10350
6223
3827
571
57575
641
1333
1127
1184
1368
503
205
1197
2203
1699
280
478
5663
1172
653
4311
1984
871
1997
2267
1712
420
751
2531
6493
831
1717
3427
221
2967
3089
7791
7374
1062
977
1928
14960
4131
2005
349
1781
1428
3525
47
2220
26058
9005
30321
2085
9186
25531
1446
1168
133
29626
1640
1622
24782
54005
3748
3840
3431
4090
3547
224
18955
691
119771
4463
3588
3042
165
1425
4784
1639
2995
2868
731
4705
1509
6808
1267
5159
11069
44177
951
1971
1870
4470
334
4739
1754
620
100237
1109
82
6233
498
1489
694
1291
1975
2699
1570
557
1396
112221
18
27
9810
1023
944
2624
1500
898
1353
171
4693
726
2347
1730
3307
45
21405
4373
486
705
2060
687
5883
477
285
565
5285
236
659
525
475
1649
174
2978
1350
892
1147
5460
1571
832
4803
381
5297
5552
597
114
152
606
594
9502
3581
910
2068
5803
1138
1710
11
1918
67
3373
770
253
20463
2512
1032
1384
1881
13759
4943
415
1691
4296
0
2297
2443
679
1534
19401
1962
3999
5008
2380
2459
2281
10836
273
1721
25397
190
5361
254
1375
1467
2698
1729
1644
5272
1845
9852
184
801
1102
3294
1782
1042
680
136
407
3711
29284
6566
3137
4067
2648
1259
3824
241
593
348
1012
859
1037
7659
8743
1536
947
2074
19092
7775
2303
9695
1216
5282
2514
50627
5677
757
89
2311
1213
84
9097
1125
522
5749
1056
2737
311
1679
2722
52657
2695
2250
2533
44591
2102
4583
2077
974
4857
4292
1300
896
1381
1731
555
4316
18492
180
1968
123
862
1024
272
1872
109
3837
1175
3757
1397
188
294
645
146
1105
3087
243
1134
69
32
2257
1921
1826
2791
337
6340
341
2147
627
5523
1673
6671
788
356
2411
57276
1251
11416
1332
4391
928
4453
1495
1451
204
1297
90
1954
347
647
3105
1018
1898
47668
11281
13726
1492
1740
1035
1057
2795
1702
946
3972
21095
365
936
39
1196
1379
1466
10629
1386
7497
1502
2723
1477
1830
7332
128
2349
161784
1283
10003
5538
2770
547
59
490
2502
1380
1771
355
1120
3052
616
2025
3746
7462
673
3252
4893
79
1866
798
14290
634
3799
5653
1410
1112
5301
1540
1970
704
949
1081
1981
1708
325
3352
5454
4291
2235
2555
226
16852
259
609
353
1661
5960
50
3624
1028
398
17
9402
12125
488
12411
4935
3008
10349
690
1670
315218
3665
1010
719
1111
1414
1289
955
7013
1278
8
819
15363
1061
1547
228
2553
2082
2350
445
2710
759
342
1629
6026
418
1948
5087
474
3261
2565
5515
818
3083
28386
41714
11303
458
822
5630
2373
7125
6679
2507
667
2768
1075
5092
3265
1365
1338
17604
4511
1173
9566
889
3932
2776
2017
136
2625
245
106329
229
103
842
38122
607
4441
46776
1894
426
789
216
2482
600
28904
5992
730
17394
2359
423
3348
4348
2758
1142
3069
19410
1191
1677
4062
2955
119
5743
65691
2983
28011
786
1556
1305
11193
1287
2630
3498
13008
737
506
5208
2165
1764
1153
1264
1957
1450
9741
1438
1118
492
1000
11752
1151
6689
455
984
469
682
2152
698
1488
1067
2571
19290
7267
1759
130
1292
487
530
8629
4377
315
1427
685
1405
4138
2261
2797
288
200
5438
2376
2523
3693
3452
1114
32987
8665
1576
34
104
2181
29422
3410
8087
1697
3081
997
12010
39659
37087
2668
828
1474
1892
29074
8538
9964
3631
1493
63374
2034
317
2875
351
754
4073
298
502
501
1867
3293
384
1922
661
2
3329
1387
4781
6798
11926
1088
10783
265
1029
357
17464
3098
707
2663
2508
240
4596
3465
8273
1614
8302
3131
1621
711
539
1290
3399
5189
85
1392
939
1861
7845
1245
3796
2173
4302
7491
1165
117
7907
3565
851
520
467
13422
1624
904
124
7387
1946
2552
15902
336
2113
1998
2590
17533
1085
2557
678
1421
651
988
1122
177
1815
14855
1582
2060
383
4164
14952
1164
4148
2712
4262
176
1036
1523
4502
599
4759
1575
3184
98
569
1876
6237
1841
1792
1947
2242
25
330
1751
1265
1901
20927
1385
11517
1690
30871
254412
287
2408
2991
1550
187
2080
64
13367
10486
4007
17624
3415
2378
19215
462
2371
115
16839
2422
5771
3319
848
2867
476
1355
7744
3388
1372
1206
2580
4054
2926
285005
595
952
62
71
5103
2001
95486
3138
2050
4561
852
7117
642
567
748
1454
185
1880
662
1530
3939
2434
4097
3110
2079
6804
7203
2587
1003
2126
1108
2307
58
15295
28578
1667
1273
4638
2339
30
5098
35703
313
49603
602777
6569
119
1719
4285
1148
2175
40
3417
8919
2959
335
867
765
1916
21691
4442
2414
2743
391
1089
3560
1413
11660
2642
537
1490
103012
1079
345
13632
7171
1847
7990
825
17789
65
568
2322
541
8519
18534
785
97
3075
2945
6454
3056
282
562
297
11568
1293
14232
201
1689
517
1067
1149
2236
2984
2061
3102
198
3150
194
2333
1623
20
1134
1932
3950
4199
2174
5877
2101
3368
1937
714
860
1634
3781
1168
1781449
2939
6676
88
7155
5134
3267
361
2419
6009
8661
1395
3447
500
260
17534
3694
957
1470
1352
75692
4428
861
2230
1334
28150
2607
1525
1358
2519
52
3302
143
8004
949
1863
163252
276
13731
880
17111
16923
1824
2400
813
983
3879
1331
2839
5255
1248
1982
1194
1409
524
6474
421
491
858
16818
363
1025
2124
496
4038
2452
4853
13
1009
6128
1742
7767
1344
75
422
161
4807
3371
461
1360
693
792
1070
12792
2643
463
1798
962
964
6842
1419
526
15464
1367
372
31643
1527
641
2714
125
2144
3271
10883
1160
639
926
2720
78
77232
248
97915
304
188
992
1568
3685
4934
3595
2368
11964
29241
2042
20425
489
1014
5809
1277
5713
11940
1882
7667
4642
1169
560
2820
26806
4029
1606
5785
2860
5258
293
35239
4140
1045
141
808
1087
1605
3194
25717
2325
4465
1106
1078
291
1858
10168
7059
1324
4545
54
155731
608
472
417
346
7223
452
1170
727
849
2146
1840
4978
5309
24460
1445
1191
110
205739
504709
509
1044
8742
5397
2815
2015
4682
88177
1480
239
3032
1251
1541
8055
2832
771
2920
1031
2531
532
2057
2731
1108
2407
1853
257
8593
865
54926
618
122
913
253
143152
2081
708
1179
2083
5083
1448
715
7471
105
4227
800
657
2921
376
11995
820
933
1363
775
14768
3220
1929
2968
2757
2233
1693
3548
77
943
4024
8893
409
163
231
289
1257
653
364
2613
29
92
13159
4860
1933
2132
35
1992
590
2308
2207
456
824
1128
396
3530
19328
1143
2891
2673
326
355
328
388
804
2619
980
699
1617
505
1188
1126
25775
14702
10972
5576
94
1097
581
14835
1766
401
8772
677
14845
28484
756
2370
54383
1672
178
3007
1129
2473
764
6315
1959
6977
2263
1907
338
3682
4182
937
4516
1285
3120
2729
2645
4545
2693
11493
1399
65383
1584
895
2532
4452
2539
566
6524
603
16128
1186
1621
11676
675
13324
2227
834
1222
3707
1119
3970
12395
406
10726
3472
1513
3387
7997
4211
668
954
2841
1136
5594
1990
1825
2878
1391
424
604
823
36340
327
1779
35580
558
2387
18889
6590
1770
8175
6425
142
113
3439
1821
1059
778
733
1846
10
111
901
2960
1034
323
322
6078
1130
3313
5963
1096
2217
623
1237
7790
220
5236
7027
2303
4077
4034
1227
14283
511
261
5053
2150
2692
8746
3084
1913
609
218
829
787
408
102
1282
9665
2974
713
3651
269
703
448
308
1996
1058
1201
1348
2098
4242
4443
331
855
468
1406
151
3078
4217
625
2167
22842
3583
8970
912
2125
330
3984
556
7018
1829
1198
585
7305
676
1337
1312
1139
57
8108
105902
21744
1724
1256
1389
934
1671
2178
4899
6259
904
2231
6913
43823
1189
750
10503
3362
4630
1178
1033
1274
1184
2177
3697
4564
4126
1073
980
8774
1394
3861
1002
10205
3871
1562
6947
1744
5112
1022
148
2724
811
232
1402
13868
1430
1181
1135
1684
4058
752
3688
5600
7831
3420
1158
3063
2073
2745
1311
10077
3311
7764
78
7287
1016
173
153
4119
574
557
295769
866
892
193
4923
11055
2251
7842
542
1314
2657
1271
5156
9104
5948
186
3739
1529
1220
7394
5962
612
2775
6849
4425
2506
394
14129
4694
1086
1065
2268
2618
41986
1429
986
6190
4385
6344
16193
5645
1514
237
15530
721
2241
23317
1698
2788
97118
6277
6373
720
909
769
8598
1211
2447
2190
329
6854
37161
1412
160
1735
619
9135
2825
5715
5833
2887
1027
462
275
79900
991
8406
1799
2901
806
1010
1204
1080
7311
1370
3053
1612
29753
90
610
993
636
624
252
2088
10283
3095
402
869
4178
482
753
3755
3808
385
8294
1908
350
940
11808
4418
435
3437
45911
40522
841
2294
833
5826
68
10065
656
1780
563
317
1727
8000
12214
9270
1177
225
1155
183
1373
158389
589
366
286
41
2763
1446
4971
1713
664
10892
22
453
4365
9767
1098
3738
3172
8311
3473
4975
6357
614
3737
4061
2518
12065
2970
2483
20756
2474
579
31
802
14942
2460
634
6570
3703
893
1328
242
3977
458224
135
360
71571
392
378
2105
162
2000
1390
1407
2862
1805
1666
1536
4925
9331
1180
4375
7951
63
2425
7251
798
278
1336
754
654
26214
9411
1279
2164
2316
3526
10369
4853
6290
15774
6921
523
359
93
196
2510
6848
986
214
156
5095
4272
3038
44
11027
938
363
782
4791
2295
5355
1195
5926
2544
2826
1545
2589
2466
10904
1895
432
1659
1324
12605
789
1192
12543
2222
2035
86229
2405
872
669
164
33661
956472
197
4082
10098
3534
859
1259
766
784