78
1029
1668
835
1642
2206
1603
400
646
583
818
1201
244
164
547
571
51593
1015
6319
1254
38
775
127
8024
13
229
478
310
1398
137
776
491
511
228
749
420
1108
278
479
1066
361
957
558
6590
1367
4464
6773
2077
476
1509
677
17
1785
4423
643
13641
1184
1705
673
867
987
1941
910
61
1202
998
1017
1827
1194
2800
42
12980
2495
1720
809
1765
103
1443
30
3236
11163
533
6136
2777
1047
394
654
2046
3749
995
6013
4050
495
514
564
1262
4322
4156
1160
637
981
293
238
7680
2066
631
911
4455
451
3934
1688
1513
568
1130
2253
1168
746
870
890
230
140
4493
33200
1152
570
2000
11691
1252
2970
1304
1082
1002
1593
136
117
1489
4892
501
1930
620
275
889
639
3498
2571
224
10951
1084
2075
1074
1098
450
1281
39
2170
14857
107
804
377
2423
1594
13054
676
705
5022
3456
1142
22065
4287
2213
3548
2160
74
1337
2162
170
1127
4487
413
1345
8250
2292
1504
31
1259
16237
1707
3215
822
838
322
540
393
3991
4235
4818
15659
1051
271
22456
3082
457
1170
2216
12930
708
397
506
1162
202
143
1370
161
967
647
50955
903
4875
896
396
8617
550
2806
16932
1018
2340
447
334
1547
1081
94
10098
2129
449
286
1006
772
288
5334
3480
844
169
989
7315
2374
50
14578
382
114
1
207
36334
2604
25490
2404
445
656
4
1799
595
1377
1641
702
1419
924
493
22
5368
51126
1136
5948
102
1219
1748
126
9921
7
519
126619
572
1235
150
946
952
1893
1001
855
183
1075
1096
719
1110
34530
196
21
669
291
642
52
1188
1650
6517
764
92
1361
227
1389
1753
242
5816
3159
6294
993
1571
2202
1385
1269
1563
1900
2588
1058
2747
282
7188
428
426
899
2608
2112
8486
210
2706
251
2350
2863
607
96
1512
357
1124
369
1004
419
2492
1034
15403
1103
784
908
2060
237
287
9592
3646
977
846
1656
345
984
673
6854
1911
1691
3074
1189
913
845
7557
793
561
2578
314
482
1576
1040
1038
1093
245
3
3009
1183
3072
93
1587
1446
257
1000
612
546
57
120
29919
10281
250
1200
1068
6537
611
4691
850
1324
1071
1299
1427
945
1510
3748
192
914
666
773
1816
2788
512
3569
10301
44
497
21838
1818
3950
470
3216
3280
25985
1079
295
1120
124
520
279
674
1044
2587
266
704
1332
2869
874
510
1230
49
29906
1003
8878
2907
24
3586
353
332
985
48937
99
1220
1939
3744
5911
727
1296
1577
2716
6494
718
253
909
2878
969
198
3837
15959
1639
4307
878
1316
788
3545
606
60
675
16
155674
2903
1390
684
3640
72
7527
1333
488
297
1524
2318
140
97
254
372
5243
360
4265
1598