Sorting performed using Shell Sort
----------------------------------
GAP SEQUENCE USED: { 1 7 19 67 131 371 1211 3353 9851 29651 }
----------------------------------------------------------------------------------

Time taken to execute the sort: 5355 nanoseconds
----------------------------------------------------------------------

Sorted Data
------------
1
2
3
4
5
6
7
8
9
10
11
12
13
14
15
16
17
18
19
20
21
22
23
24
25
26
27
28
29
30
31
32
33
34
35
36
37
38
39
40
41
42
43
44
45
46
47
48
49
50
