Sorting performed using Shell Sort
----------------------------------
GAP SEQUENCE USED: { 1 5 17 53 149 373 1123 3371 10111 30341 }
----------------------------------------------------------------------------------

Time taken to execute the sort: 18296 nanoseconds
----------------------------------------------------------------------

Sorted Data
------------
1
1
2
3
4
4
5
6
7
7
8
9
10
10
10
10
10
11
11
11
12
13
15
16
18
19
27
27
27
31
31
31
41
41
41
52
52
52
66
66
66
73
73
73
82
82
82
91
91
91
