Size    Runtime in micro seconds         Sort Algorithm(H, S or I)   GAP data for S   Name of File
10000 61287411559  H    asc10K.dat
10000 1668968  S  { 1, 4, 13, 40, 121, 364, 1093, 3280, 9841, 29524}  asc10K.dat
10000 615377  S  { 1, 5, 17, 53, 149, 373, 1123, 3371, 10111, 30341}  asc10K.dat
10000 217323  S  { 1, 10, 30, 60, 120, 360, 1080, 3240, 9720, 29160}  asc10K.dat
10000 221339  S  { 1, 7, 19, 67, 131, 371, 1211, 3353, 9851, 29651}  asc10K.dat
10000 130751  S  { 1, 3, 23, 71, 143, 379, 1237, 3413, 10433, 31001}  asc10K.dat
10000 310143  I    asc10K.dat
1000 58812845  H    asc1K.dat
1000 13387  S  { 1, 4, 13, 40, 121, 364, 1093, 3280, 9841, 29524}  asc1K.dat
1000 12495  S  { 1, 5, 17, 53, 149, 373, 1123, 3371, 10111, 30341}  asc1K.dat
1000 12048  S  { 1, 10, 30, 60, 120, 360, 1080, 3240, 9720, 29160}  asc1K.dat
1000 18296  S  { 1, 7, 19, 67, 131, 371, 1211, 3353, 9851, 29651}  asc1K.dat
1000 12495  S  { 1, 3, 23, 71, 143, 379, 1237, 3413, 10433, 31001}  asc1K.dat
1000 31683  I    asc1K.dat
20000 499599515820  H    asc20K.dat
20000 650630  S  { 1, 4, 13, 40, 121, 364, 1093, 3280, 9841, 29524}  asc20K.dat
20000 556025  S  { 1, 5, 17, 53, 149, 373, 1123, 3371, 10111, 30341}  asc20K.dat
20000 600204  S  { 1, 10, 30, 60, 120, 360, 1080, 3240, 9720, 29160}  asc20K.dat
20000 603328  S  { 1, 7, 19, 67, 131, 371, 1211, 3353, 9851, 29651}  asc20K.dat
20000 594402  S  { 1, 3, 23, 71, 143, 379, 1237, 3413, 10433, 31001}  asc20K.dat
20000 788967  I    asc20K.dat
2000 541760137  H    asc2K.dat
2000 30791  S  { 1, 4, 13, 40, 121, 364, 1093, 3280, 9841, 29524}  asc2K.dat
2000 31684  S  { 1, 5, 17, 53, 149, 373, 1123, 3371, 10111, 30341}  asc2K.dat
2000 29898  S  { 1, 10, 30, 60, 120, 360, 1080, 3240, 9720, 29160}  asc2K.dat
2000 30791  S  { 1, 7, 19, 67, 131, 371, 1211, 3353, 9851, 29651}  asc2K.dat
2000 30345  S  { 1, 3, 23, 71, 143, 379, 1237, 3413, 10433, 31001}  asc2K.dat
2000 62921  I    asc2K.dat
50 33022  H    asc50.dat
50 3124  S  { 1, 4, 13, 40, 121, 364, 1093, 3280, 9841, 29524}  asc50.dat
50 1339  S  { 1, 5, 17, 53, 149, 373, 1123, 3371, 10111, 30341}  asc50.dat
50 1339  S  { 1, 10, 30, 60, 120, 360, 1080, 3240, 9720, 29160}  asc50.dat
50 1338  S  { 1, 7, 19, 67, 131, 371, 1211, 3353, 9851, 29651}  asc50.dat
50 8925  S  { 1, 3, 23, 71, 143, 379, 1237, 3413, 10433, 31001}  asc50.dat
50 3570  I    asc50.dat
500 8304681  H    asc500.dat
500 16512  S  { 1, 4, 13, 40, 121, 364, 1093, 3280, 9841, 29524}  asc500.dat
500 16065  S  { 1, 5, 17, 53, 149, 373, 1123, 3371, 10111, 30341}  asc500.dat
500 18742  S  { 1, 10, 30, 60, 120, 360, 1080, 3240, 9720, 29160}  asc500.dat
500 23205  S  { 1, 7, 19, 67, 131, 371, 1211, 3353, 9851, 29651}  asc500.dat
500 20973  S  { 1, 3, 23, 71, 143, 379, 1237, 3413, 10433, 31001}  asc500.dat
500 20527  I    asc500.dat
5000 7896022812  H    asc5K.dat
5000 91481  S  { 1, 4, 13, 40, 121, 364, 1093, 3280, 9841, 29524}  asc5K.dat
5000 87019  S  { 1, 5, 17, 53, 149, 373, 1123, 3371, 10111, 30341}  asc5K.dat
5000 86572  S  { 1, 10, 30, 60, 120, 360, 1080, 3240, 9720, 29160}  asc5K.dat
5000 88357  S  { 1, 7, 19, 67, 131, 371, 1211, 3353, 9851, 29651}  asc5K.dat
5000 88357  S  { 1, 3, 23, 71, 143, 379, 1237, 3413, 10433, 31001}  asc5K.dat
5000 152617  I    asc5K.dat
10000 63626152381  H    dup10K.dat
10000 2913109  S  { 1, 4, 13, 40, 121, 364, 1093, 3280, 9841, 29524}  dup10K.dat
10000 1202640  S  { 1, 5, 17, 53, 149, 373, 1123, 3371, 10111, 30341}  dup10K.dat
10000 2275420  S  { 1, 10, 30, 60, 120, 360, 1080, 3240, 9720, 29160}  dup10K.dat
10000 1026817  S  { 1, 7, 19, 67, 131, 371, 1211, 3353, 9851, 29651}  dup10K.dat
10000 982193  S  { 1, 3, 23, 71, 143, 379, 1237, 3413, 10433, 31001}  dup10K.dat
10000 51255185  I    dup10K.dat
1000 48233638  H    dup1K.dat
1000 70061  S  { 1, 4, 13, 40, 121, 364, 1093, 3280, 9841, 29524}  dup1K.dat
1000 68276  S  { 1, 5, 17, 53, 149, 373, 1123, 3371, 10111, 30341}  dup1K.dat
1000 90589  S  { 1, 10, 30, 60, 120, 360, 1080, 3240, 9720, 29160}  dup1K.dat
1000 72293  S  { 1, 7, 19, 67, 131, 371, 1211, 3353, 9851, 29651}  dup1K.dat
1000 66044  S  { 1, 3, 23, 71, 143, 379, 1237, 3413, 10433, 31001}  dup1K.dat
1000 879556  I    dup1K.dat
20000 495227079238  H    dup20K.dat
20000 3349094  S  { 1, 4, 13, 40, 121, 364, 1093, 3280, 9841, 29524}  dup20K.dat
20000 2827429  S  { 1, 5, 17, 53, 149, 373, 1123, 3371, 10111, 30341}  dup20K.dat
20000 8883910  S  { 1, 10, 30, 60, 120, 360, 1080, 3240, 9720, 29160}  dup20K.dat
20000 5119361  S  { 1, 7, 19, 67, 131, 371, 1211, 3353, 9851, 29651}  dup20K.dat
20000 3294651  S  { 1, 3, 23, 71, 143, 379, 1237, 3413, 10433, 31001}  dup20K.dat
20000 230797825  I    dup20K.dat
2000 453774256  H    dup2K.dat
2000 172698  S  { 1, 4, 13, 40, 121, 364, 1093, 3280, 9841, 29524}  dup2K.dat
2000 168236  S  { 1, 5, 17, 53, 149, 373, 1123, 3371, 10111, 30341}  dup2K.dat
2000 228479  S  { 1, 10, 30, 60, 120, 360, 1080, 3240, 9720, 29160}  dup2K.dat
2000 166897  S  { 1, 7, 19, 67, 131, 371, 1211, 3353, 9851, 29651}  dup2K.dat
2000 168682  S  { 1, 3, 23, 71, 143, 379, 1237, 3413, 10433, 31001}  dup2K.dat
2000 878663  I    dup2K.dat
50 20528  H    dup50.dat
50 2678  S  { 1, 4, 13, 40, 121, 364, 1093, 3280, 9841, 29524}  dup50.dat
50 2232  S  { 1, 5, 17, 53, 149, 373, 1123, 3371, 10111, 30341}  dup50.dat
50 2232  S  { 1, 10, 30, 60, 120, 360, 1080, 3240, 9720, 29160}  dup50.dat
50 2231  S  { 1, 7, 19, 67, 131, 371, 1211, 3353, 9851, 29651}  dup50.dat
50 1785  S  { 1, 3, 23, 71, 143, 379, 1237, 3413, 10433, 31001}  dup50.dat
50 1785  I    dup50.dat
500 7621028  H    dup500.dat
500 35700  S  { 1, 4, 13, 40, 121, 364, 1093, 3280, 9841, 29524}  dup500.dat
500 33915  S  { 1, 5, 17, 53, 149, 373, 1123, 3371, 10111, 30341}  dup500.dat
500 42393  S  { 1, 10, 30, 60, 120, 360, 1080, 3240, 9720, 29160}  dup500.dat
500 33915  S  { 1, 7, 19, 67, 131, 371, 1211, 3353, 9851, 29651}  dup500.dat
500 33023  S  { 1, 3, 23, 71, 143, 379, 1237, 3413, 10433, 31001}  dup500.dat
500 60689  I    dup500.dat
5000 7285738128  H    dup5K.dat
5000 506492  S  { 1, 4, 13, 40, 121, 364, 1093, 3280, 9841, 29524}  dup5K.dat
5000 667587  S  { 1, 5, 17, 53, 149, 373, 1123, 3371, 10111, 30341}  dup5K.dat
5000 913470  S  { 1, 10, 30, 60, 120, 360, 1080, 3240, 9720, 29160}  dup5K.dat
5000 567628  S  { 1, 7, 19, 67, 131, 371, 1211, 3353, 9851, 29651}  dup5K.dat
5000 570752  S  { 1, 3, 23, 71, 143, 379, 1237, 3413, 10433, 31001}  dup5K.dat
5000 6944515  I    dup5K.dat
10000 56626427716  H    ran10K.dat
10000 1308846  S  { 1, 4, 13, 40, 121, 364, 1093, 3280, 9841, 29524}  ran10K.dat
10000 1182558  S  { 1, 5, 17, 53, 149, 373, 1123, 3371, 10111, 30341}  ran10K.dat
10000 2373594  S  { 1, 10, 30, 60, 120, 360, 1080, 3240, 9720, 29160}  ran10K.dat
10000 1195499  S  { 1, 7, 19, 67, 131, 371, 1211, 3353, 9851, 29651}  ran10K.dat
10000 1166939  S  { 1, 3, 23, 71, 143, 379, 1237, 3413, 10433, 31001}  ran10K.dat
10000 28020822  I    ran10K.dat
1001 58382216  H    ran1K.dat
1001 78094  S  { 1, 4, 13, 40, 121, 364, 1093, 3280, 9841, 29524}  ran1K.dat
1001 73185  S  { 1, 5, 17, 53, 149, 373, 1123, 3371, 10111, 30341}  ran1K.dat
1001 89696  S  { 1, 10, 30, 60, 120, 360, 1080, 3240, 9720, 29160}  ran1K.dat
1001 74969  S  { 1, 7, 19, 67, 131, 371, 1211, 3353, 9851, 29651}  ran1K.dat
1001 73184  S  { 1, 3, 23, 71, 143, 379, 1237, 3413, 10433, 31001}  ran1K.dat
1001 215984  I    ran1K.dat
20000 514988936167  H    ran20K.dat
20000 3770352  S  { 1, 4, 13, 40, 121, 364, 1093, 3280, 9841, 29524}  ran20K.dat
20000 3446822  S  { 1, 5, 17, 53, 149, 373, 1123, 3371, 10111, 30341}  ran20K.dat
20000 8607683  S  { 1, 10, 30, 60, 120, 360, 1080, 3240, 9720, 29160}  ran20K.dat
20000 3479397  S  { 1, 7, 19, 67, 131, 371, 1211, 3353, 9851, 29651}  ran20K.dat
20000 3507065  S  { 1, 3, 23, 71, 143, 379, 1237, 3413, 10433, 31001}  ran20K.dat
20000 217148875  I    ran20K.dat
2000 472546137  H    ran2K.dat
2000 160649  S  { 1, 4, 13, 40, 121, 364, 1093, 3280, 9841, 29524}  ran2K.dat
2000 158418  S  { 1, 5, 17, 53, 149, 373, 1123, 3371, 10111, 30341}  ran2K.dat
2000 234727  S  { 1, 10, 30, 60, 120, 360, 1080, 3240, 9720, 29160}  ran2K.dat
2000 156633  S  { 1, 7, 19, 67, 131, 371, 1211, 3353, 9851, 29651}  ran2K.dat
2000 157525  S  { 1, 3, 23, 71, 143, 379, 1237, 3413, 10433, 31001}  ran2K.dat
2000 813511  I    ran2K.dat
50 29899  H    ran50.dat
50 3570  S  { 1, 4, 13, 40, 121, 364, 1093, 3280, 9841, 29524}  ran50.dat
50 2678  S  { 1, 5, 17, 53, 149, 373, 1123, 3371, 10111, 30341}  ran50.dat
50 2677  S  { 1, 10, 30, 60, 120, 360, 1080, 3240, 9720, 29160}  ran50.dat
50 2677  S  { 1, 7, 19, 67, 131, 371, 1211, 3353, 9851, 29651}  ran50.dat
50 2677  S  { 1, 3, 23, 71, 143, 379, 1237, 3413, 10433, 31001}  ran50.dat
50 1785  I    ran50.dat
500 5889139  H    ran500.dat
500 33915  S  { 1, 4, 13, 40, 121, 364, 1093, 3280, 9841, 29524}  ran500.dat
500 35254  S  { 1, 5, 17, 53, 149, 373, 1123, 3371, 10111, 30341}  ran500.dat
500 37039  S  { 1, 10, 30, 60, 120, 360, 1080, 3240, 9720, 29160}  ran500.dat
500 35254  S  { 1, 7, 19, 67, 131, 371, 1211, 3353, 9851, 29651}  ran500.dat
500 32576  S  { 1, 3, 23, 71, 143, 379, 1237, 3413, 10433, 31001}  ran500.dat
500 76309  I    ran500.dat
5000 6041737601  H    ran5K.dat
5000 1005844  S  { 1, 4, 13, 40, 121, 364, 1093, 3280, 9841, 29524}  ran5K.dat
5000 1008521  S  { 1, 5, 17, 53, 149, 373, 1123, 3371, 10111, 30341}  ran5K.dat
5000 2059435  S  { 1, 10, 30, 60, 120, 360, 1080, 3240, 9720, 29160}  ran5K.dat
5000 1077689  S  { 1, 7, 19, 67, 131, 371, 1211, 3353, 9851, 29651}  ran5K.dat
5000 919718  S  { 1, 3, 23, 71, 143, 379, 1237, 3413, 10433, 31001}  ran5K.dat
5000 9386832  I    ran5K.dat
10000 49647001546  H    rev10K.dat
10000 239190  S  { 1, 4, 13, 40, 121, 364, 1093, 3280, 9841, 29524}  rev10K.dat
10000 273104  S  { 1, 5, 17, 53, 149, 373, 1123, 3371, 10111, 30341}  rev10K.dat
10000 269088  S  { 1, 10, 30, 60, 120, 360, 1080, 3240, 9720, 29160}  rev10K.dat
10000 266856  S  { 1, 7, 19, 67, 131, 371, 1211, 3353, 9851, 29651}  rev10K.dat
10000 309250  S  { 1, 3, 23, 71, 143, 379, 1237, 3413, 10433, 31001}  rev10K.dat
10000 59723192  I    rev10K.dat
1000 109851154  H    rev1K.dat
1000 49088  S  { 1, 4, 13, 40, 121, 364, 1093, 3280, 9841, 29524}  rev1K.dat
1000 49533  S  { 1, 5, 17, 53, 149, 373, 1123, 3371, 10111, 30341}  rev1K.dat
1000 53996  S  { 1, 10, 30, 60, 120, 360, 1080, 3240, 9720, 29160}  rev1K.dat
1000 49534  S  { 1, 7, 19, 67, 131, 371, 1211, 3353, 9851, 29651}  rev1K.dat
1000 53550  S  { 1, 3, 23, 71, 143, 379, 1237, 3413, 10433, 31001}  rev1K.dat
1000 899636  I    rev1K.dat
20000 393866428519  H    rev20K.dat
20000 1399434  S  { 1, 4, 13, 40, 121, 364, 1093, 3280, 9841, 29524}  rev20K.dat
20000 1110265  S  { 1, 5, 17, 53, 149, 373, 1123, 3371, 10111, 30341}  rev20K.dat
20000 1233877  S  { 1, 10, 30, 60, 120, 360, 1080, 3240, 9720, 29160}  rev20K.dat
20000 1172741  S  { 1, 7, 19, 67, 131, 371, 1211, 3353, 9851, 29651}  rev20K.dat
20000 1201746  S  { 1, 3, 23, 71, 143, 379, 1237, 3413, 10433, 31001}  rev20K.dat
20000 411232069  I    rev20K.dat
2000 590622539  H    rev2K.dat
2000 65598  S  { 1, 4, 13, 40, 121, 364, 1093, 3280, 9841, 29524}  rev2K.dat
2000 71846  S  { 1, 5, 17, 53, 149, 373, 1123, 3371, 10111, 30341}  rev2K.dat
2000 76755  S  { 1, 10, 30, 60, 120, 360, 1080, 3240, 9720, 29160}  rev2K.dat
2000 74078  S  { 1, 7, 19, 67, 131, 371, 1211, 3353, 9851, 29651}  rev2K.dat
2000 72739  S  { 1, 3, 23, 71, 143, 379, 1237, 3413, 10433, 31001}  rev2K.dat
2000 2521749  I    rev2K.dat
50 41502  H    rev50.dat
50 3124  S  { 1, 4, 13, 40, 121, 364, 1093, 3280, 9841, 29524}  rev50.dat
50 3124  S  { 1, 5, 17, 53, 149, 373, 1123, 3371, 10111, 30341}  rev50.dat
50 4909  S  { 1, 10, 30, 60, 120, 360, 1080, 3240, 9720, 29160}  rev50.dat
50 2231  S  { 1, 7, 19, 67, 131, 371, 1211, 3353, 9851, 29651}  rev50.dat
50 3124  S  { 1, 3, 23, 71, 143, 379, 1237, 3413, 10433, 31001}  rev50.dat
50 4909  I    rev50.dat
500 9715271  H    rev500.dat
500 16958  S  { 1, 4, 13, 40, 121, 364, 1093, 3280, 9841, 29524}  rev500.dat
500 16958  S  { 1, 5, 17, 53, 149, 373, 1123, 3371, 10111, 30341}  rev500.dat
500 17850  S  { 1, 10, 30, 60, 120, 360, 1080, 3240, 9720, 29160}  rev500.dat
500 17404  S  { 1, 7, 19, 67, 131, 371, 1211, 3353, 9851, 29651}  rev500.dat
500 17404  S  { 1, 3, 23, 71, 143, 379, 1237, 3413, 10433, 31001}  rev500.dat
500 160649  I    rev500.dat
5000 6898863183  H    rev5K.dat
5000 107993  S  { 1, 4, 13, 40, 121, 364, 1093, 3280, 9841, 29524}  rev5K.dat
5000 116025  S  { 1, 5, 17, 53, 149, 373, 1123, 3371, 10111, 30341}  rev5K.dat
5000 128520  S  { 1, 10, 30, 60, 120, 360, 1080, 3240, 9720, 29160}  rev5K.dat
5000 125842  S  { 1, 7, 19, 67, 131, 371, 1211, 3353, 9851, 29651}  rev5K.dat
5000 128966  S  { 1, 3, 23, 71, 143, 379, 1237, 3413, 10433, 31001}  rev5K.dat
5000 10627403  I    rev5K.dat