Sorting performed using Shell Sort
----------------------------------
GAP SEQUENCE USED: { 1 4 13 40 121 364 1093 3280 9841 29524 }
----------------------------------------------------------------------------------

Time taken to execute the sort: 20528 nanoseconds
----------------------------------------------------------------------

Sorted Data
------------
34
113
120
151
226
257
282
327
361
400
432
435
438
441
446
449
466
531
532
536
544
555
585
596
745
754
827
867
886
980
987
996
1039
1095
1151
1160
1222
1262
1341
1511
1590
1679
1690
1885
2921
3537
4698
8073
8649
38709
